Using MXNet backend
15.063413381576538
14.636361360549927
14.8804612159729
14.728991985321045
14.529781341552734
14.499641180038452
14.66911506652832
14.239530086517334
14.690041303634644
14.540863513946533
14.497420310974121
14.621817350387573
14.778542518615723
14.919991970062256
14.649109125137329
14.848636150360107
14.870152235031128
14.609859704971313
14.51821255683899
14.97052550315857
14.878374338150024
14.43090271949768
14.769407033920288
14.583455085754395
14.395015239715576
15.219338655471802
14.639523029327393
14.469553709030151
14.419618606567383
14.30579137802124
14.992739200592041
14.870077848434448
15.110311031341553
14.868675947189331
14.70911192893982
14.680762529373169
14.579530477523804
14.54896855354309
15.069517374038696
14.759419679641724
14.76958179473877
14.749049186706543
14.900235176086426
15.099624156951904
15.109453916549683
14.839442253112793
14.857544660568237
14.864476919174194
14.947266340255737
14.96359896659851
14.668871879577637
14.696528434753418
14.848757266998291
14.324272632598877
14.65548849105835
14.699212551116943
14.800194263458252
15.149102210998535
14.641124248504639
14.71708869934082
14.85363483428955
14.865952491760254
14.550175189971924
14.480824708938599
14.796408414840698
14.625733375549316
14.609417915344238
15.083794355392456
14.710448026657104
15.459943056106567
14.140681743621826
14.365323781967163
14.552997350692749
14.617953777313232
14.760044813156128
14.903743982315063
14.705104351043701
14.809874773025513
14.569125175476074
14.786248922348022
14.664724349975586
14.711381912231445
14.823114156723022
14.67063856124878
14.689456939697266
14.648929119110107
14.860145092010498
14.398601055145264
14.89211916923523
14.87799620628357
14.518608570098877
14.739715099334717
14.969109773635864
14.489930629730225
8.634386539459229
8.634613990783691
8.694474935531616
8.68925929069519
8.509525060653687
8.794618606567383
