serving at port 8000
connected OK Returned code= 0
{'filename': 'mobilenet.h5', 'model_split': {'APPLE': {'layers_from': 0, 'layers_to': 78, 'output_receiver': 'ORANGE'}, 'ORANGE': {'layers_from': 78, 'layers_to': -1, 'output_receiver': 'output'}}}
{'from': 'APPLE', 'status': 'MODEL LOADED'}
{'from': 'ORANGE', 'status': 'MODEL LOADED'}
about to go to send inputs
About to prepare inputs
Prepared inputs
@@ ---------------- @@
32.658828258514404
45.50032138824463
64.2358922958374
80.43898701667786
96.90291690826416
115.24901390075684
133.6794397830963
150.62835144996643
165.37107229232788
179.79105186462402
192.05616736412048
207.53678011894226
219.08489346504211
227.020188331604
235.79191064834595
243.03580045700073
250.95736360549927
259.2719783782959
267.21230483055115
275.0030975341797
282.9491262435913
291.17373609542847
299.32912158966064
306.87734174728394
315.3176009654999
323.1163547039032
331.1271719932556
338.9497413635254
347.16489839553833
355.32749605178833
362.573025226593
370.43290305137634
378.83131861686707
386.42651772499084
394.54019355773926
402.5318560600281
410.4199597835541
418.3716402053833
426.2204420566559
434.2888021469116
442.45709133148193
450.2845335006714
458.6781096458435
466.0503659248352
473.92144751548767
482.0705933570862
490.35855412483215
498.555939912796
506.33842277526855
514.2108747959137
522.247641324997
530.4019849300385
538.218065738678
546.1614460945129
554.0852127075195
561.9117624759674
569.9173316955566
577.8226788043976
585.4715061187744
593.2909774780273
601.2259759902954
609.2734041213989
617.513444185257
625.3497588634491
633.1569566726685
641.2030882835388
649.0628051757812
657.6943695545197
665.2057282924652
673.4842238426208
681.4943027496338
689.2296216487885
696.9766585826874
705.1017866134644
713.1320478916168
720.7760372161865
729.1338670253754
737.3230512142181
745.2000956535339
753.1249220371246
760.8959817886353
768.8817677497864
777.5506737232208
784.7119734287262
793.0636765956879
800.687117099762
808.6352655887604
816.6273722648621
824.7042536735535
832.750237941742
840.2733995914459
848.3413445949554
856.2644872665405
864.5583868026733
872.4279251098633
880.5016713142395
888.3249876499176
896.3735830783844
904.4320409297943
